[photo-1.jpeg]
filters=Soften=1,50.000000,50.000000;IR=1,30.409357;finetune2=1,0.000000,0.000000,0.109474,00000000,0.000000;
moddate=0000964f23d30000
width=1450
height=825
textactive=0
